1.3
0.0
0.0
1.3
0.0
0.0
3.7
1.9
4.0
0.0
1.5
0.0
0.0
0.0
3.3
9.9
0.0
0.9
9.8
0.4
0.0
0.0
4.5
0.0
0.0
0.0
0.0
0.0
0.4
0.0
0.0
0.0
0.0
0.0
2.7
5.1
5.9
5.5
13.4
6.8
0.6
0.0
1.4
1.9
5.6
6.8
12.7
2.9
1.6
0.0
0.0
1.2
1.5
2.3
1.8
0.0
0.3
4.7
2.4
3.7
4.5
1.1
8.2
5.7
1.9
0.0
0.0
0.0
0.0
2.9
0.8
0.0
2.7
1.5
0.0
0.0
5.1
0.5
0.0
0.0
0.0
0.0
3.2
7.0
0.0
0.0
0.8
1.5
4.6
0.0
0.0
0.0
0.0
6.6
0.0
2.0
0.0
1.4
0.0
0.0
4.4
7.8
0.0
6.0
0.0
2.2
5.8
4.5
8.1
0.7
4.9
8.6
1.7
0.0
0.0
0.0
0.0
4.2
0.0
0.0
0.0
7.3
0.0
0.0
4.6
4.5
0.4
2.3
0.0
0.0
1.1
3.1
3.7
1.8
0.0
0.0
0.0
0.0
2.0
0.5
1.4
12.8
0.0
2.6
0.0
0.7
3.5
0.6
3.2
1.9
0.0
2.1
9.2
1.7
0.0
2.3
1.8
2.9
10.7
12.0
2.2
2.1
17.1
2.1
1.9
14.7
9.4
2.5
6.1
2.2
0.5
4.5
0.0
10.9
10.6
12.2
20.5
5.2
5.3
3.1
2.8
3.6
8.0
1.1
8.7
7.2
8.9
25.0
8.9
8.9
19.9
0.0
2.9
6.5
1.7
2.8
23.5
19.8
9.5
12.4
10.5
15.5
8.0
8.9
15.1
20.0
19.2
17.2
17.1
17.7
6.3
21.0
11.9
13.7
13.6
11.4
26.0
26.7
1.5
9.4
5.6
6.2
1.4
10.2
39.9
38.4
16.6
47.4
4.2
2.7
11.9
17.1
7.9
6.5
2.9
1.9
5.1
0.0
1.7
4.3
8.1
4.5
3.2
2.1
0.5
3.1
3.6
6.0
5.7
0.0
5.2
14.7
2.0
0.0
9.0
1.8
8.7
0.9
4.2
2.7
9.7
2.7
1.1
3.4
2.8
5.1
0.9
2.6
0.0
0.0
4.8
1.7
0.0
0.7
0.0
0.0
0.5
0.0
0.0
0.0
2.0
0.0
0.7
0.7
0.0
0.0
0.0
0.0
1.1
0.0
0.0
0.0
0.0
0.0
0.0
5.6
0.0
0.0
0.6
0.0
0.5
0.0
0.0
0.0
0.0
0.0
0.0
0.0
0.0
0.0
0.0
3.6
0.0
0.0
0.0
0.0
0.0
0.0
0.0
0.0
0.0
0.5
1.4
0.0
0.0
0.0
0.0
0.0
0.0
0.0
0.0
0.0
0.0
0.0
0.0
0.0
0.0
0.0
0.0
0.0
0.0
0.0
0.0
0.0
0.0
1.3
0.0
12.3
8.5
1.4
0.0
0.0
0.0
0.0
0.0
2.7
0.3
0.0
0.0
0.0
0.0
0.0
0.0
2.2
12.3