54.0
53.8
53.7
53.5
53.3
53.2
53.0
52.8
52.7
52.5
52.4
52.2
52.0
51.9
51.7
51.5
51.4
51.2
51.0
50.9
50.7
50.5
50.4
50.2
50.1
49.9
49.7
49.6
49.4
49.2
49.1
48.9
49.0
49.4
49.8
50.2
50.6
51.0
51.4
51.8
52.2
52.6
53.0
53.4
53.8
54.2
54.6
55.0
55.4
55.8
56.2
56.6
57.0
57.4
57.8
58.2
58.6
59.0
59.4
59.8
60.2
60.1
59.2
58.4
57.5
56.7
55.8
55.0
54.1
53.3
52.4
51.6
50.7
49.9
49.0
48.2
47.3
46.5
45.6
44.8
43.9
43.1
42.2
41.4
40.5
39.7
38.8
38.0
37.1
36.3
35.4
34.6
33.7
33.7
34.4
35.0
35.7
36.3
37.0
37.6
38.3
39.0
39.6
40.3
40.9
41.6
42.2
42.9
43.6
44.2
44.9
45.5
46.2
46.8
47.5
48.1
48.8
49.5
50.1
50.8
51.4
52.1
52.7
53.4
53.4
56.0
58.6
61.3
63.9
66.5
69.1
71.8
74.4
77.0
79.6
82.2
84.9
87.5
90.1
92.7
95.4
98.0
100.6
103.2
105.9
108.5
111.1
113.7
116.3
119.0
121.6
124.2
126.8
129.5
132.1
134.7
134.8
142.3
149.9
157.4
165.0
172.5
180.0
187.6
195.1
202.7
210.2
217.7
225.3
232.8
240.4
247.9
255.4
263.0
270.5
278.1
285.6
293.1
300.7
308.2
315.8
323.3
330.8
338.4
345.9
353.5
361.0
360.9
359.3
357.7
356.1
354.6
353.0
351.4
349.8
348.2
346.6
345.0
343.4
341.9
340.3
338.7
337.1
335.5
333.9
332.3
330.7
329.2
327.6
326.0
324.4
322.8
321.2
319.6
318.0
316.5
314.9
313.3
311.7
311.8
307.4
303.0
298.6
294.2
289.8
285.4
281.0
276.6
272.2
267.8
263.4
259.0
254.6
250.2
245.8
241.4
237.0
232.6
228.2
223.8
219.4
215.0
210.6
206.2
201.8
197.4
193.0
188.6
184.2
179.8
175.4
175.3
170.8
166.2
161.7
157.1
152.6
148.1
143.5
139.0
134.4
129.9
125.4
120.8
116.3
111.7
107.2
102.7
98.1
93.6
89.0
84.5
80.0
75.4
70.9
66.3
61.8
57.3
52.7
48.2
43.6
39.1
39.1
38.1
37.1
36.1
35.1
34.1
33.1
32.1
31.2
30.2
29.2
28.2
27.2
26.2
25.2
24.2
23.2
22.2
21.2
20.2
19.2
18.2
17.2
16.2
15.3
14.3
13.3
12.3
11.3
10.3
9.3
8.3
8.3
8.9
9.5
10.1
10.7
11.3
11.9
12.5
13.2
13.8
14.4
15.0
15.6
16.2
16.8
17.4
18.0
18.6
19.2
19.8
20.4
21.0
21.6
22.3
22.9
23.5
24.1
24.7
25.3
25.9
26.5
26.5
27.4
28.3
29.2
30.1
31.0
31.8
32.7
33.6
34.5
35.4
36.3
37.2
38.1
39.0
39.9
40.7
41.6
42.5
43.4
44.3
45.2
46.1
47.0
47.9
48.8
49.6
50.5
51.4
52.3
53.2
54.1